0 0.8818359375 0.5247395833333334 0.0126953125 0.028645833333333332
0 0.7509765625 0.5572916666666666 0.0126953125 0.022135416666666668
0 0.6484375 0.5729166666666666 0.0107421875 0.024739583333333332
0 0.8857421875 0.4140625 0.01171875 0.014322916666666666
0 0.794921875 0.3984375 0.0087890625 0.016927083333333332
0 0.7841796875 0.3723958333333333 0.0078125 0.01171875
0 0.828125 0.359375 0.0087890625 0.013020833333333334
0 0.904296875 0.3567708333333333 0.01171875 0.01953125
0 0.9072265625 0.33984375 0.0087890625 0.01171875
0 0.9296875 0.2799479166666667 0.0087890625 0.01171875
0 0.9873046875 0.3138020833333333 0.009765625 0.01171875
0 0.84375 0.28515625 0.005859375 0.009114583333333334
0 0.865234375 0.2643229166666667 0.0068359375 0.010416666666666666
0 0.953125 0.23828125 0.0068359375 0.014322916666666666
0 0.4189453125 0.4114583333333333 0.015625 0.020833333333333332
0 0.3603515625 0.5598958333333334 0.013671875 0.024739583333333332
0 0.2451171875 0.5299479166666666 0.013671875 0.022135416666666668
0 0.0361328125 0.3802083333333333 0.0087890625 0.01171875
0 0.14453125 0.3671875 0.009765625 0.014322916666666666
0 0.23046875 0.35546875 0.0107421875 0.01171875
0 0.2783203125 0.3515625 0.0078125 0.01171875
0 0.228515625 0.3333333333333333 0.0068359375 0.01171875
0 0.2841796875 0.3359375 0.005859375 0.009114583333333334
0 0.1689453125 0.33203125 0.0087890625 0.010416666666666666
0 0.0703125 0.33203125 0.0068359375 0.01171875
0 0.58203125 0.203125 0.005859375 0.010416666666666666
0 0.2451171875 0.22395833333333334 0.0048828125 0.0078125
0 0.208984375 0.22135416666666666 0.005859375 0.0078125
0 0.19140625 0.22916666666666666 0.00390625 0.005208333333333333
0 0.1650390625 0.23958333333333334 0.00390625 0.006510416666666667
0 0.1474609375 0.2421875 0.00390625 0.0078125
0 0.2783203125 0.21614583333333334 0.005859375 0.010416666666666666
0 0.3349609375 0.21614583333333334 0.00390625 0.005208333333333333
0 0.4013671875 0.20442708333333334 0.00390625 0.006510416666666667
0 0.458984375 0.20182291666666666 0.00390625 0.0078125
0 0.6669921875 0.26953125 0.0078125 0.013020833333333334
0 0.6328125 0.2682291666666667 0.0068359375 0.010416666666666666
0 0.607421875 0.21223958333333334 0.005859375 0.0078125
0 0.6513671875 0.19270833333333334 0.005859375 0.010416666666666666
0 0.498046875 0.22005208333333334 0.00390625 0.0078125
0 0.5634765625 0.22135416666666666 0.0048828125 0.0078125
0 0.5654296875 0.19140625 0.0048828125 0.005208333333333333
0 0.67578125 0.19791666666666666 0.00390625 0.006510416666666667
0 0.7587890625 0.27734375 0.0078125 0.01171875
0 0.703125 0.22786458333333334 0.0078125 0.010416666666666666
0 0.748046875 0.20442708333333334 0.0048828125 0.0078125
0 0.8046875 0.20052083333333334 0.0048828125 0.009114583333333334
0 0.8173828125 0.19921875 0.0048828125 0.009114583333333334
0 0.7841796875 0.20052083333333334 0.0048828125 0.006510416666666667
0 0.7099609375 0.1953125 0.0048828125 0.0078125
