0 0.2568359375 0.7083333333333334 0.0078125 0.008680555555555556
0 0.29296875 0.6979166666666666 0.00390625 0.010416666666666666
0 0.388671875 0.6979166666666666 0.00390625 0.008680555555555556
0 0.4091796875 0.7291666666666666 0.00390625 0.013888888888888888
0 0.453125 0.6840277777777778 0.0068359375 0.017361111111111112
0 0.49609375 0.7326388888888888 0.005859375 0.013888888888888888
0 0.515625 0.6805555555555556 0.0048828125 0.013888888888888888
0 0.53515625 0.6319444444444444 0.00390625 0.013888888888888888
0 0.6376953125 0.6475694444444444 0.0048828125 0.010416666666666666
0 0.6787109375 0.6371527777777778 0.0048828125 0.013888888888888888
0 0.693359375 0.6336805555555556 0.0048828125 0.010416666666666666
0 0.6767578125 0.7395833333333334 0.0068359375 0.010416666666666666
0 0.736328125 0.6753472222222222 0.005859375 0.012152777777777778
0 0.7685546875 0.6232638888888888 0.005859375 0.012152777777777778
0 0.185546875 0.6180555555555556 0.00390625 0.010416666666666666
0 0.220703125 0.6180555555555556 0.0048828125 0.010416666666666666
0 0.2529296875 0.6215277777777778 0.005859375 0.008680555555555556
0 0.3017578125 0.6128472222222222 0.00390625 0.006944444444444444
0 0.31640625 0.5677083333333334 0.0029296875 0.006944444444444444
0 0.2822265625 0.5625 0.0029296875 0.005208333333333333
0 0.2421875 0.5659722222222222 0.0048828125 0.005208333333333333
0 0.203125 0.5642361111111112 0.0029296875 0.003472222222222222
0 0.15625 0.5625 0.0029296875 0.003472222222222222
0 0.33203125 0.6388888888888888 0.0048828125 0.006944444444444444
0 0.3525390625 0.6215277777777778 0.0029296875 0.006944444444444444
0 0.3779296875 0.6232638888888888 0.0048828125 0.010416666666666666
0 0.361328125 0.5746527777777778 0.005859375 0.008680555555555556
0 0.4619140625 0.6354166666666666 0.00390625 0.008680555555555556
0 0.44921875 0.6232638888888888 0.00390625 0.008680555555555556
0 0.4599609375 0.5746527777777778 0.0029296875 0.008680555555555556
0 0.4375 0.5729166666666666 0.005859375 0.012152777777777778
0 0.5009765625 0.5590277777777778 0.001953125 0.006944444444444444
0 0.662109375 0.6354166666666666 0.001953125 0.008680555555555556
0 0.611328125 0.5850694444444444 0.0029296875 0.006944444444444444
0 0.66796875 0.578125 0.0029296875 0.005208333333333333
0 0.7138671875 0.578125 0.0029296875 0.006944444444444444
0 0.744140625 0.578125 0.0029296875 0.008680555555555556
0 0.7841796875 0.6354166666666666 0.00390625 0.006944444444444444
0 0.80078125 0.6388888888888888 0.00390625 0.010416666666666666
0 0.818359375 0.6319444444444444 0.0048828125 0.010416666666666666
0 0.84765625 0.640625 0.0048828125 0.010416666666666666
0 0.880859375 0.6319444444444444 0.00390625 0.010416666666666666
0 0.900390625 0.6440972222222222 0.00390625 0.006944444444444444
0 0.9306640625 0.6302083333333334 0.00390625 0.013888888888888888
0 0.974609375 0.6388888888888888 0.0048828125 0.010416666666666666
0 0.9609375 0.5850694444444444 0.00390625 0.005208333333333333
0 0.9189453125 0.5902777777777778 0.001953125 0.008680555555555556
0 0.833984375 0.5798611111111112 0.001953125 0.006944444444444444
0 0.724609375 0.6458333333333334 0.0048828125 0.006944444444444444
0 0.1015625 0.625 0.0029296875 0.008680555555555556
0 0.12109375 0.6302083333333334 0.0048828125 0.008680555555555556
0 0.5166015625 0.5590277777777778 0.0029296875 0.005208333333333333
0 0.53515625 0.5590277777777778 0.00390625 0.006944444444444444
0 0.5625 0.5625 0.0029296875 0.005208333333333333
