0 0.818359375 0.3879310344827586 0.0244140625 0.0668103448275862
0 0.693359375 0.3793103448275862 0.0224609375 0.05603448275862069
0 0.5966796875 0.35129310344827586 0.0234375 0.05387931034482758
0 0.77734375 0.375 0.01171875 0.028017241379310345
0 0.7255859375 0.3922413793103448 0.0107421875 0.03017241379310345
0 0.4912109375 0.3900862068965517 0.015625 0.03879310344827586
0 0.54296875 0.35344827586206895 0.0087890625 0.028017241379310345
0 0.423828125 0.3448275862068966 0.015625 0.040948275862068964
0 0.3515625 0.34051724137931033 0.0146484375 0.040948275862068964
0 0.267578125 0.2952586206896552 0.015625 0.04310344827586207
0 0.103515625 0.3275862068965517 0.013671875 0.034482758620689655
0 0.146484375 0.3168103448275862 0.0107421875 0.028017241379310345
0 0.939453125 0.44396551724137934 0.005859375 0.01939655172413793
0 0.9814453125 0.39655172413793105 0.005859375 0.01939655172413793
0 0.970703125 0.3232758620689655 0.005859375 0.01939655172413793
0 0.9052734375 0.3599137931034483 0.005859375 0.017241379310344827
0 0.892578125 0.29094827586206895 0.0068359375 0.01939655172413793
0 0.91015625 0.3125 0.0048828125 0.021551724137931036
0 0.931640625 0.33836206896551724 0.0048828125 0.015086206896551725
0 0.87109375 0.1271551724137931 0.00390625 0.010775862068965518
0 0.7880859375 0.2672413793103448 0.005859375 0.015086206896551725
0 0.7626953125 0.3081896551724138 0.0048828125 0.01293103448275862
0 0.67578125 0.1896551724137931 0.0048828125 0.01293103448275862
0 0.6298828125 0.25646551724137934 0.0048828125 0.01293103448275862
0 0.6396484375 0.23275862068965517 0.00390625 0.008620689655172414
0 0.7666015625 0.21982758620689655 0.005859375 0.01293103448275862
0 0.7490234375 0.21767241379310345 0.0048828125 0.015086206896551725
0 0.7373046875 0.23060344827586207 0.005859375 0.017241379310344827
0 0.720703125 0.29094827586206895 0.0048828125 0.01293103448275862
0 0.6806640625 0.23706896551724138 0.0068359375 0.015086206896551725
0 0.669921875 0.21982758620689655 0.0048828125 0.010775862068965518
0 0.8115234375 0.17672413793103448 0.00390625 0.010775862068965518
0 0.77734375 0.15086206896551724 0.0048828125 0.01293103448275862
0 0.798828125 0.1336206896551724 0.0029296875 0.010775862068965518
0 0.8203125 0.15732758620689655 0.0029296875 0.008620689655172414
0 0.7421875 0.14870689655172414 0.00390625 0.010775862068965518
0 0.76171875 0.13793103448275862 0.00390625 0.010775862068965518
0 0.8447265625 0.12931034482758622 0.0029296875 0.008620689655172414
0 0.8134765625 0.13793103448275862 0.0029296875 0.01293103448275862
0 0.7734375 0.1810344827586207 0.0029296875 0.010775862068965518
0 0.7333984375 0.1896551724137931 0.00390625 0.010775862068965518
0 0.5634765625 0.23706896551724138 0.005859375 0.015086206896551725
0 0.541015625 0.27155172413793105 0.005859375 0.015086206896551725
0 0.517578125 0.3081896551724138 0.0048828125 0.010775862068965518
0 0.58203125 0.21120689655172414 0.005859375 0.017241379310344827
0 0.953125 0.31896551724137934 0.005859375 0.023706896551724137
0 0.9892578125 0.28879310344827586 0.005859375 0.01939655172413793
0 0.9111328125 0.2349137931034483 0.005859375 0.017241379310344827
0 0.92578125 0.19181034482758622 0.005859375 0.015086206896551725
0 0.9287109375 0.28663793103448276 0.0068359375 0.015086206896551725
0 0.9833984375 0.27155172413793105 0.005859375 0.015086206896551725
0 0.9619140625 0.2413793103448276 0.005859375 0.01939655172413793
0 0.955078125 0.1875 0.0068359375 0.01939655172413793
0 0.1796875 0.3599137931034483 0.01171875 0.034482758620689655
0 0.0234375 0.3254310344827586 0.005859375 0.021551724137931036
0 0.0751953125 0.3232758620689655 0.0087890625 0.023706896551724137
0 0.0517578125 0.3125 0.0078125 0.021551724137931036
0 0.6923828125 0.33620689655172414 0.0078125 0.02586206896551724
0 0.6611328125 0.27801724137931033 0.0068359375 0.023706896551724137
