0 0.0615234375 0.20833333333333334 0.0078125 0.010416666666666666
0 0.0869140625 0.21223958333333334 0.0068359375 0.013020833333333334
0 0.1142578125 0.2109375 0.0068359375 0.009114583333333334
0 0.0107421875 0.203125 0.0078125 0.010416666666666666
0 0.072265625 0.15364583333333334 0.0048828125 0.0078125
0 0.10546875 0.19140625 0.005859375 0.006510416666666667
0 0.0888671875 0.16536458333333334 0.005859375 0.0078125
0 0.1240234375 0.18489583333333334 0.0048828125 0.006510416666666667
0 0.1162109375 0.16536458333333334 0.0048828125 0.006510416666666667
0 0.1064453125 0.16015625 0.0048828125 0.0078125
0 0.1640625 0.2981770833333333 0.005859375 0.010416666666666666
0 0.1904296875 0.2942708333333333 0.005859375 0.009114583333333334
0 0.208984375 0.29296875 0.0078125 0.010416666666666666
0 0.23046875 0.3033854166666667 0.00390625 0.0078125
0 0.28125 0.2903645833333333 0.0078125 0.009114583333333334
0 0.240234375 0.22916666666666666 0.0068359375 0.010416666666666666
0 0.1728515625 0.21223958333333334 0.005859375 0.010416666666666666
0 0.1572265625 0.203125 0.0068359375 0.010416666666666666
0 0.15625 0.22135416666666666 0.005859375 0.006510416666666667
0 0.146484375 0.22265625 0.0068359375 0.010416666666666666
0 0.24609375 0.30078125 0.005859375 0.0078125
0 0.267578125 0.296875 0.005859375 0.0078125
0 0.28515625 0.21744791666666666 0.005859375 0.009114583333333334
0 0.2978515625 0.22005208333333334 0.0048828125 0.0078125
0 0.3173828125 0.22395833333333334 0.0048828125 0.009114583333333334
0 0.267578125 0.17057291666666666 0.005859375 0.0078125
0 0.203125 0.21354166666666666 0.0048828125 0.009114583333333334
0 0.16015625 0.18229166666666666 0.0048828125 0.0078125
0 0.189453125 0.19270833333333334 0.00390625 0.006510416666666667
0 0.2236328125 0.22786458333333334 0.00390625 0.0078125
0 0.3251953125 0.28515625 0.0078125 0.010416666666666666
0 0.380859375 0.23177083333333334 0.0068359375 0.009114583333333334
0 0.33984375 0.21354166666666666 0.005859375 0.009114583333333334
0 0.3515625 0.24479166666666666 0.005859375 0.009114583333333334
0 0.0068359375 0.3059895833333333 0.005859375 0.013020833333333334
0 0.1337890625 0.3372395833333333 0.0068359375 0.010416666666666666
0 0.119140625 0.3333333333333333 0.00390625 0.005208333333333333
0 0.107421875 0.34375 0.0048828125 0.010416666666666666
0 0.2353515625 0.3463541666666667 0.0166015625 0.022135416666666668
0 0.615234375 0.26953125 0.0107421875 0.018229166666666668
0 0.6669921875 0.2591145833333333 0.009765625 0.015625
0 0.6865234375 0.24479166666666666 0.0166015625 0.0234375
0 0.7607421875 0.24348958333333334 0.013671875 0.01953125
0 0.8896484375 0.21484375 0.017578125 0.028645833333333332
0 0.474609375 0.2890625 0.0048828125 0.0078125
0 0.556640625 0.2916666666666667 0.0048828125 0.0078125
0 0.0986328125 0.13802083333333334 0.005859375 0.0078125
0 0.1171875 0.1484375 0.005859375 0.0078125
0 0.130859375 0.12890625 0.005859375 0.0078125
0 0.0498046875 0.13020833333333334 0.005859375 0.006510416666666667
0 0.0458984375 0.07291666666666667 0.0048828125 0.0078125
0 0.0634765625 0.07291666666666667 0.005859375 0.009114583333333334
0 0.0908203125 0.10286458333333333 0.0048828125 0.006510416666666667
0 0.1455078125 0.1484375 0.005859375 0.0078125
0 0.01953125 0.08203125 0.0048828125 0.0078125
0 0.02734375 0.078125 0.0048828125 0.005208333333333333
0 0.4140625 0.4010416666666667 0.060546875 0.07291666666666667
0 0.173828125 0.3515625 0.02734375 0.036458333333333336
0 0.2060546875 0.09765625 0.0048828125 0.009114583333333334
0 0.2734375 0.13151041666666666 0.0068359375 0.010416666666666666
0 0.2685546875 0.13671875 0.0048828125 0.006510416666666667
0 0.23046875 0.125 0.0068359375 0.009114583333333334
0 0.205078125 0.12760416666666666 0.0068359375 0.01171875
0 0.2861328125 0.11848958333333333 0.005859375 0.010416666666666666
0 0.5205078125 0.2890625 0.0048828125 0.009114583333333334
