0 0.0703125 0.6875 0.0107421875 0.014322916666666666
0 0.107421875 0.6979166666666666 0.0068359375 0.015625
0 0.509765625 0.8619791666666666 0.0107421875 0.015625
0 0.9619140625 0.56640625 0.0068359375 0.01171875
0 0.0546875 0.17447916666666666 0.0048828125 0.006510416666666667
0 0.048828125 0.1875 0.00390625 0.005208333333333333
0 0.046875 0.19791666666666666 0.0029296875 0.00390625
0 0.1591796875 0.1484375 0.0048828125 0.006510416666666667
0 0.185546875 0.14583333333333334 0.0029296875 0.005208333333333333
0 0.2080078125 0.13671875 0.0029296875 0.005208333333333333
0 0.21484375 0.13541666666666666 0.00390625 0.006510416666666667
0 0.232421875 0.15625 0.005859375 0.006510416666666667
0 0.255859375 0.14453125 0.0029296875 0.005208333333333333
0 0.251953125 0.14192708333333334 0.00390625 0.00390625
0 0.302734375 0.14322916666666666 0.0029296875 0.005208333333333333
0 0.3173828125 0.13151041666666666 0.00390625 0.005208333333333333
0 0.3466796875 0.11979166666666667 0.0029296875 0.005208333333333333
0 0.375 0.10677083333333333 0.0029296875 0.00390625
0 0.3916015625 0.11067708333333333 0.0029296875 0.005208333333333333
0 0.4033203125 0.10286458333333333 0.0029296875 0.006510416666666667
0 0.416015625 0.10546875 0.001953125 0.00390625
0 0.4287109375 0.10546875 0.0029296875 0.00390625
0 0.4375 0.11197916666666667 0.001953125 0.005208333333333333
0 0.4345703125 0.09895833333333333 0.001953125 0.0026041666666666665
0 0.4912109375 0.11458333333333333 0.0029296875 0.0026041666666666665
0 0.49609375 0.11979166666666667 0.0029296875 0.005208333333333333
0 0.4501953125 0.09244791666666667 0.0029296875 0.005208333333333333
0 0.462890625 0.09375 0.00390625 0.006510416666666667
0 0.4462890625 0.08854166666666667 0.00390625 0.00390625
0 0.4443359375 0.06380208333333333 0.001953125 0.0026041666666666665
0 0.4560546875 0.0703125 0.00390625 0.005208333333333333
0 0.4619140625 0.06901041666666667 0.0029296875 0.005208333333333333
0 0.4599609375 0.061197916666666664 0.0029296875 0.0026041666666666665
0 0.8857421875 0.43359375 0.0078125 0.009114583333333334
0 0.56640625 0.55859375 0.0078125 0.01171875
0 0.595703125 0.56640625 0.0068359375 0.0078125
0 0.6201171875 0.5598958333333334 0.0087890625 0.010416666666666666
0 0.5712890625 0.5546875 0.0048828125 0.010416666666666666
0 0.5751953125 0.546875 0.0048828125 0.0078125
0 0.583984375 0.5481770833333334 0.0048828125 0.010416666666666666
0 0.427734375 0.059895833333333336 0.0029296875 0.005208333333333333
