0 0.8056640625 0.55078125 0.005859375 0.009114583333333334
0 0.7802734375 0.484375 0.009765625 0.015625
0 0.7646484375 0.4622395833333333 0.005859375 0.013020833333333334
0 0.75390625 0.41015625 0.0068359375 0.010416666666666666
0 0.65625 0.3684895833333333 0.0078125 0.01171875
0 0.810546875 0.3515625 0.0078125 0.013020833333333334
0 0.849609375 0.3763020833333333 0.0068359375 0.01171875
0 0.88671875 0.6549479166666666 0.01171875 0.016927083333333332
0 0.1171875 0.9127604166666666 0.015625 0.022135416666666668
0 0.314453125 0.2903645833333333 0.0048828125 0.009114583333333334
0 0.1884765625 0.24479166666666666 0.0048828125 0.0078125
0 0.162109375 0.24348958333333334 0.00390625 0.006510416666666667
0 0.169921875 0.24088541666666666 0.0048828125 0.006510416666666667
0 0.1787109375 0.24348958333333334 0.005859375 0.0078125
0 0.0341796875 0.17447916666666666 0.0048828125 0.006510416666666667
0 0.025390625 0.16276041666666666 0.0029296875 0.005208333333333333
0 0.0869140625 0.19010416666666666 0.00390625 0.006510416666666667
0 0.068359375 0.19140625 0.00390625 0.005208333333333333
0 0.5947265625 0.3229166666666667 0.0029296875 0.0078125
0 0.5908203125 0.2942708333333333 0.00390625 0.006510416666666667
0 0.564453125 0.21223958333333334 0.00390625 0.0078125
0 0.5888671875 0.21614583333333334 0.0048828125 0.009114583333333334
0 0.544921875 0.21484375 0.00390625 0.005208333333333333
0 0.59765625 0.2786458333333333 0.00390625 0.009114583333333334
0 0.6044921875 0.2721354166666667 0.005859375 0.0078125
0 0.66015625 0.23697916666666666 0.0048828125 0.0078125
0 0.96875 0.3138020833333333 0.0068359375 0.010416666666666666
0 0.8173828125 0.2981770833333333 0.00390625 0.009114583333333334
0 0.8427734375 0.2747395833333333 0.0048828125 0.009114583333333334
0 0.8212890625 0.2734375 0.005859375 0.009114583333333334
0 0.7021484375 0.203125 0.0029296875 0.006510416666666667
0 0.71875 0.20052083333333334 0.0029296875 0.006510416666666667
0 0.76953125 0.18359375 0.00390625 0.005208333333333333
0 0.4501953125 0.18489583333333334 0.0029296875 0.006510416666666667
0 0.435546875 0.18229166666666666 0.0029296875 0.005208333333333333
0 0.3759765625 0.17057291666666666 0.001953125 0.005208333333333333
0 0.4189453125 0.1640625 0.001953125 0.00390625
0 0.3798828125 0.1640625 0.001953125 0.00390625
