0 0.0556640625 0.3279648609077599 0.0107421875 0.014641288433382138
0 0.4345703125 0.40263543191800877 0.021484375 0.03953147877013177
0 0.3642578125 0.35431918008784774 0.0126953125 0.01903367496339678
0 0.892578125 0.37481698389458273 0.0166015625 0.03367496339677892
0 0.1298828125 0.3323572474377745 0.0078125 0.01171303074670571
0 0.166015625 0.3235724743777452 0.005859375 0.008784773060029283
0 0.0908203125 0.3118594436310395 0.0068359375 0.010248901903367497
0 0.802734375 0.32650073206442165 0.00390625 0.008784773060029283
0 0.8564453125 0.3440702781844802 0.0048828125 0.01171303074670571
0 0.6552734375 0.34553440702781846 0.005859375 0.008784773060029283
