0 0.421875 0.5104166666666666 0.0087890625 0.015625
0 0.39453125 0.5 0.00390625 0.00390625
0 0.3623046875 0.4192708333333333 0.0048828125 0.005208333333333333
0 0.359375 0.359375 0.009765625 0.015625
0 0.44140625 0.2903645833333333 0.0048828125 0.006510416666666667
0 0.5009765625 0.5143229166666666 0.0107421875 0.01171875
0 0.546875 0.5091145833333334 0.00390625 0.00390625
0 0.5830078125 0.51953125 0.0078125 0.015625
0 0.6220703125 0.5390625 0.0078125 0.013020833333333334
0 0.64453125 0.453125 0.01171875 0.01953125
0 0.6513671875 0.3723958333333333 0.0029296875 0.0078125
0 0.63671875 0.30078125 0.0107421875 0.01953125
0 0.6005859375 0.2903645833333333 0.005859375 0.0078125
0 0.5517578125 0.2994791666666667 0.009765625 0.01953125
0 0.51953125 0.2890625 0.0048828125 0.0078125
0 0.474609375 0.2994791666666667 0.009765625 0.018229166666666668
0 0.494140625 0.3919270833333333 0.0146484375 0.024739583333333332
0 0.46875 0.5026041666666666 0.005859375 0.006510416666666667
